sampleData:
  nBuildings: 40.0
  lambda_p: 0.3
  z_mean: 30.0
  z_sd: 5.0
  DART_XorY_m: 430.0
  DARTbuildSizeXYZ: 2.0
  XYoffset_factor: 0.25
  maxBuildRotation: 45.0
  seedVal: 2361.0
  iters: 1.0
  maxIters: 250.0
  domainExtent:
  - 0.0
  - 0.0
  - 419.8698775
  - 417.7940504
  newPAI: 0.3162141
