sampleData:
  nBuildings: 40.0
  lambda_p: 0.3
  z_mean: 30.0
  z_sd: 5.0
  DART_XorY_m: 500.0
  DARTbuildSizeXYZ: 2.0
  XYoffset_factor: 0.25
  maxBuildRotation: 45.0
  seedVal: 2362.0
  iters: 1.0
  maxIters: 250.0
  domainExtent:
  - 0.0
  - 0.0
  - 494.8149634
  - 494.9142285
  newPAI: 0.3062587
